world: spawn
x: -44.46800541650492
y: 89.0
z: 8.994227749869939
yaw: 359.2501220703125
pitch: 4.290946960449219
name: buyer
