world: spawn
x: -13.326047094696305
y: 88.9375
z: 28.533643690169274
yaw: 88.73458099365234
pitch: 1.3741544485092163
name: case
