world: spawn
x: 39.493454247394
y: 101.0625
z: 37.49446619745784
yaw: 0.4841257333755493
pitch: 6.908549785614014
name: casino
