world: spawn
x: 31.363568288194912
y: 89.0
z: 77.76081277219119
yaw: -357.2664794921875
pitch: 12.118670463562012
name: darena
