world: spawn
x: 45.595967866354854
y: 89.0
z: 1.6136989358632805
yaw: 232.03562927246094
pitch: 5.0388288497924805
name: mine
