world: spawn
x: 24.609083233469452
y: 79.0
z: 25.339801661544413
yaw: 106.982666015625
pitch: 6.160671710968018
name: palach
