world: spawn
x: -61.21226998905732
y: 89.0
z: 8.472690608031744
yaw: 234.72512817382812
pitch: 0.7010476589202881
name: shop
