world: spawn
x: 139.61728388705797
y: 185.0
z: -232.40035255564567
yaw: -274.960693359375
pitch: 19.514127731323242
name: smotr2
