world: spawn
x: 99.87454852053793
y: 89.0
z: 19.52130618455695
yaw: 270.0240173339844
pitch: 5.337986946105957
name: soulcollector
