world: spawn
x: -80.91281677193734
y: 88.9375
z: 50.818474302221794
yaw: -273.7164611816406
pitch: -2.9995570182800293
name: portal
