world: spawn
x: -4.318455344562871
y: 89.0
z: 87.11263271080273
yaw: 358.6537780761719
pitch: 2.122037410736084
name: pvp
