world: spawn
x: -245.8977908715514
y: 97.0
z: 206.3163726370578
yaw: -328.5323486328125
pitch: 5.338113307952881
name: smotr
