world: spawn
x: 23.47219209508936
y: 91.0
z: 28.53970703194315
yaw: 269.2765808105469
pitch: 2.047003746032715
name: stash
